2781 0
7503 3
7505 3
7507 0
7510 3
7511 3
7512 3
7517 15
7521 13
7522 3
7525 6
7529 3
7530 6
7533 16
7536 18
7537 3
7540 0
7541 6
7542 10
7544 3
7547 3
7548 3
7549 3
7551 3
7553 18
7556 3
7557 6
7559 3
7563 3
7564 0
7566 3
7567 5
7569 5
7572 13
7573 13
7576 3
7577 15
7579 3
7580 3
7581 3
7583 3
7585 3
7586 15
7588 15
7592 6
7593 6
7598 8
7601 6
7602 5
7604 6
7605 6
7609 3
7611 3
7613 8
7614 3
7616 0
7619 13
7623 5
7625 0
7628 3
7629 8
7634 11
7635 3
7639 0
7642 3
7645 6
7646 8
7648 5
7651 3
7652 6
7653 0
7655 0
7656 10
7659 3
7662 15
7664 0
7667 6
7668 20
7672 3
7673 8
7674 3
7675 3
7678 8
7681 6
7683 3
7684 5
7686 8
7689 5
7690 15
7693 3
7696 3
7697 8
7698 3
7701 3
7702 8
7703 18
7707 5
7708 6
7711 3
7713 9
7714 6
7715 6
7719 15
7720 8
7723 3
7724 9
7725 20
7728 8
7731 3
7734 5
7735 6
7740 3
7741 0
7744 3
7745 6
7746 0
7750 6
7753 6
7756 3
7757 8
7761 3
7764 5
7765 3
7768 3
7773 0
7774 10
7775 8
7776 0
7778 0
7780 10
7781 3
7783 3
7785 5
7786 8
7787 13
7789 3
7793 5
7795 8
7798 3
7799 3
7800 0
7802 6
7803 5
7805 3
7806 10
7808 3
7813 3
7815 5
7819 6
7823 3
7824 13
7827 3
7830 6
7832 6
7834 0
7835 3
7841 3
7843 3
7844 15
7846 3
7848 18
7851 0
7854 8
7855 8
7857 6
7859 5
7863 3
7864 6
7868 3
7869 9
7870 3
7873 3
7875 5
7876 3
7877 8
7878 3
7879 0
7880 15
7882 3
7883 8
7884 0
7885 11
7887 3
7889 18
7890 9
7891 0
7893 6
7894 3
7898 3
7903 10
7907 5
7910 13
7912 5
7914 3
7915 3
7918 10
7920 0
7921 0
7922 5
7924 0
7926 6
7927 13
7928 3
7930 8
7931 6
7934 3
7935 3
7938 3
7940 10
7941 3
7946 3
7947 3
7950 3
7951 6
7952 6
7957 0
7961 0
7962 6
7964 5
7969 3
7970 6
7971 5
7972 6
7973 3
7976 3
7977 5
7982 15
7984 3
7985 6
7990 6
7993 3
7994 3
7996 15
7998 11
7999 5
