2002 28
2009 20
2012 10
2013 18
2016 0
2022 28
2023 24
2024 18
2025 17
2036 18
2045 18
2048 20
2049 28
2052 14
2057 30
2062 20
2073 18
2074 26
2076 5
2083 20
2084 28
2087 7
2088 7
2089 20
2106 25
2107 18
2109 20
2110 30
2113 24
2124 20
2126 17
2128 20
2135 25
2137 20
2140 10
2142 30
2145 20
2151 30
2159 28
2172 20
2177 20
2178 19
2181 20
2185 19
2187 20
2188 28
2193 20
2195 16
2214 20
2223 16
2226 10
2229 20
2231 19
2243 20
2244 18
2245 20
2250 20
2252 24
2259 20
2260 20
2265 15
2276 20
2278 20
2279 20
2280 10
2284 20
2285 22
2293 20
2295 5
2297 20
2298 30
2300 0
2302 14
2312 20
2317 20
2318 20
2321 11
2323 28
2325 20
2328 20
2330 19
2335 20
2340 10
2342 30
2346 21
2349 20
2350 22
2354 20
2356 20
2357 19
2361 20
2367 8
2370 20
2377 15
2378 20
2380 20
2383 30
2385 30
2386 20
2390 20
2393 19
2394 27
2399 19
2405 28
2409 20
2412 0
2414 20
2417 20
2418 20
2420 30
2422 18
2428 0
2437 18
2438 29
2442 20
2445 19
2449 0
2451 21
2452 23
2453 18
2455 20
2461 20
2464 24
2471 20
2472 24
2473 20
2489 20
2490 20
2506 18
2507 20
2509 20
2510 30
2515 20
2522 20
2523 20
2524 14
2531 20
2541 20
2549 20
2554 16
2556 19
2558 20
2566 23
2572 12
2576 20
2580 20
2582 20
2590 20
2593 20
2595 20
2598 30
2599 20
2600 27
2604 20
2611 30
2613 29
2616 29
2623 20
2636 19
2642 27
2644 30
2646 16
2652 30
2662 18
2664 30
2666 19
2681 20
2686 20
2687 20
2691 20
2693 20
2694 19
2704 20
2709 23
2712 27
2719 2
2721 18
2724 11
2734 23
2738 17
2743 11
2746 20
2751 15
2755 14
2759 23
2761 20
2762 27
2763 20
2771 20
2772 17
2773 22
2774 29
2778 20
2781 0
2785 20
2786 22
2787 18
2788 4
2789 30
2795 30
2798 20
2799 25
2800 28
2801 23
2803 15
2815 27
2820 24
2821 22
2823 23
2824 8
2825 20
2827 20
2829 18
2830 20
2834 20
2837 8
2839 21
2842 12
2853 29
2860 20
2862 18
2863 21
2877 30
2878 28
2880 16
2883 20
2884 22
2890 20
2898 20
